
itertimes = [
    2116.25;
    24.07;
    26.02;
    24.22;
    23.61;
    26.80;
    23.59;
    22.67;
    24.62;
    23.60 ];